[header]
width=128
height=32
tilewidth=16
tileheight=16
orientation=orthogonal
background_color=0,0,0,255

[tilesets]
tileset=arne_sprites.png,16,16,0,0

[layer]
type=Tile Layer 1
data=
90,91,92,93,90,91,92,93,90,91,92,93,90,91,92,93,90,91,92,93,90,91,92,93,90,91,92,93,90,91,92,93,90,91,92,93,90,91,92,93,90,91,92,93,90,91,92,93,90,91,92,93,90,91,92,93,90,91,92,93,90,91,92,93,90,91,92,93,90,91,92,93,90,91,92,93,90,91,92,93,90,91,92,93,90,91,92,93,90,91,92,93,90,91,92,93,90,91,92,93,90,91,92,93,90,91,92,93,90,91,92,93,90,91,92,93,90,91,92,93,90,91,92,93,90,91,92,93,
106,107,108,109,106,107,108,109,106,107,108,109,106,107,108,109,106,107,108,109,106,107,108,109,106,107,108,109,106,107,108,109,106,107,108,109,106,107,108,109,106,107,108,109,106,107,108,109,106,107,108,109,106,107,108,109,106,107,108,109,106,107,108,109,106,107,108,109,106,107,108,109,106,107,108,109,106,107,108,109,106,107,108,109,106,107,108,109,106,107,108,109,106,107,108,109,106,107,108,109,106,107,108,109,106,107,108,109,106,107,108,109,106,107,108,109,106,107,108,109,106,107,108,109,106,107,108,109,
122,123,124,125,122,123,124,125,122,123,124,125,122,123,124,125,122,123,124,125,122,123,124,125,122,123,124,125,122,123,124,125,122,123,124,125,122,123,124,125,122,123,124,125,122,123,124,125,122,123,124,125,122,123,124,125,122,123,124,125,122,123,124,125,122,123,124,125,122,123,124,125,122,123,124,125,122,123,124,125,122,123,124,125,122,123,124,125,122,123,124,125,122,123,124,125,122,123,124,125,122,123,124,125,122,123,124,125,122,123,124,125,122,123,124,125,122,123,124,125,122,123,124,125,122,123,124,125,
90,91,92,93,90,91,92,93,90,91,92,93,90,91,92,93,90,91,92,93,90,91,92,93,90,91,92,93,90,91,92,93,90,91,92,93,90,91,92,93,90,91,92,93,90,91,92,93,90,91,92,93,90,91,92,93,90,91,92,93,90,91,92,93,90,91,92,93,90,91,92,93,90,91,92,93,90,91,92,93,90,91,92,93,90,91,92,93,90,91,92,93,90,91,92,93,90,91,92,93,90,91,92,93,90,91,92,93,90,91,92,93,90,91,92,93,90,91,92,93,90,91,92,93,90,91,92,93,
106,107,108,109,106,107,108,109,106,107,108,109,106,107,108,109,106,107,108,109,106,107,108,109,106,107,108,109,106,107,108,109,106,107,108,109,106,107,108,109,106,107,108,109,106,107,108,109,106,107,108,109,106,107,108,109,106,107,108,109,106,107,108,109,106,107,108,109,106,107,108,109,106,107,108,109,106,107,108,109,106,107,108,109,106,107,108,109,106,107,108,109,106,107,108,109,106,107,108,109,106,107,108,109,106,107,108,109,106,107,108,109,106,107,108,109,106,107,108,109,106,107,108,109,106,107,108,109,
122,123,124,125,122,123,124,125,122,123,124,125,122,123,124,125,122,123,124,125,122,123,124,125,122,123,124,125,122,123,124,125,122,123,124,125,122,123,124,125,122,123,124,125,122,123,124,125,122,123,124,125,122,123,124,125,122,123,124,125,122,123,124,125,122,123,124,125,122,123,124,125,122,123,124,125,122,123,124,125,122,123,124,125,122,1,1,1,2,123,124,125,122,123,124,125,122,123,124,125,122,123,124,125,122,123,124,125,122,123,124,125,122,123,124,125,122,123,124,125,122,123,124,125,122,123,124,125,
90,91,92,93,90,91,92,93,90,91,92,93,90,91,92,93,90,91,92,93,90,91,92,93,90,91,92,93,90,91,92,93,90,91,92,93,90,91,92,93,90,91,92,93,90,91,92,93,90,91,92,93,90,91,92,93,90,91,92,93,90,91,92,93,90,91,92,93,90,91,92,93,90,91,92,93,90,91,92,93,90,91,92,93,90,17,17,17,18,91,92,93,90,91,92,93,90,91,92,93,90,91,92,93,90,91,92,93,90,91,92,93,90,91,92,93,90,91,92,93,90,91,92,93,90,91,92,93,
106,107,108,109,106,107,108,109,106,107,108,109,106,107,108,109,106,107,108,109,106,107,108,109,106,107,108,109,106,107,108,109,106,107,108,109,106,107,108,109,106,107,108,109,106,107,108,109,106,107,108,109,106,107,108,109,106,107,108,109,106,107,108,109,106,107,108,109,106,107,108,109,106,107,108,109,106,107,108,109,106,107,108,109,106,107,108,109,106,107,108,109,106,107,108,109,106,107,108,109,106,107,108,109,106,107,108,109,106,107,108,109,106,107,108,109,106,107,108,109,106,107,108,109,106,107,108,109,
122,123,124,125,122,123,124,125,122,123,124,125,122,123,124,125,122,123,124,125,122,123,124,125,122,123,124,125,122,123,124,125,122,123,124,125,122,123,124,125,122,123,124,125,122,123,124,125,122,123,124,125,122,123,124,125,122,123,124,125,122,123,124,125,122,123,124,125,122,123,124,125,122,123,124,125,122,123,124,125,122,123,124,125,122,123,124,125,122,123,124,125,122,123,124,125,122,123,124,125,122,123,124,125,122,123,124,125,122,123,124,125,122,123,124,125,122,123,124,125,122,123,124,125,122,123,124,125,
90,91,92,93,90,91,92,93,90,91,92,93,90,91,92,93,90,91,92,93,1,1,1,1,1,1,1,1,1,2,3,93,90,91,92,93,90,91,92,93,90,91,92,93,90,91,92,93,90,91,92,93,90,91,92,93,90,91,92,93,90,91,92,93,90,91,92,93,90,91,92,93,90,91,92,93,90,91,92,93,90,91,92,93,90,91,92,93,90,91,92,93,90,91,92,93,90,91,92,93,90,91,92,93,90,91,92,93,90,91,92,93,90,91,92,93,90,91,92,93,90,91,92,93,90,91,92,93,
106,107,108,109,106,107,108,109,106,107,108,109,106,107,108,109,106,107,108,109,17,17,17,17,17,17,17,17,17,18,19,109,106,107,108,109,106,107,108,109,106,107,108,109,106,107,108,109,106,1,1,1,1,1,1,1,1,1,1,2,3,107,108,109,106,107,108,109,106,107,108,109,106,107,108,109,106,107,108,109,106,107,108,109,106,107,108,109,106,107,108,109,106,107,108,109,106,107,108,109,106,107,108,109,106,107,108,109,106,107,108,109,106,107,108,109,106,107,108,109,106,107,108,109,106,107,108,109,
122,123,124,125,122,123,124,125,122,123,124,125,122,123,124,125,122,123,124,125,122,123,124,125,122,123,124,125,122,123,124,125,122,123,124,125,122,123,124,125,122,123,124,125,122,123,124,125,122,17,17,17,17,17,17,17,17,17,17,18,19,123,124,125,122,123,124,125,122,123,124,125,122,123,124,125,122,123,124,125,122,123,124,125,122,123,124,125,122,1,1,1,2,123,124,125,122,123,124,125,122,123,124,125,122,123,124,125,122,123,124,125,122,123,124,125,122,123,124,125,122,123,124,125,122,123,124,125,
90,91,92,93,90,91,92,93,90,91,92,93,90,91,92,93,90,91,92,93,90,91,92,93,90,91,92,93,90,91,92,93,90,91,92,93,90,91,92,93,90,91,92,93,90,91,92,93,90,91,92,93,90,91,92,93,90,91,92,93,90,91,92,93,90,91,92,93,90,91,92,93,90,91,92,93,90,91,92,93,90,91,92,93,90,91,92,93,90,17,17,17,18,91,92,93,90,91,92,93,90,91,92,93,90,91,92,93,90,91,92,93,90,91,92,93,90,91,92,93,90,91,92,93,90,91,92,93,
106,107,108,109,106,107,108,109,106,107,108,109,106,107,108,109,106,107,108,109,106,107,108,109,106,107,108,109,106,107,108,109,106,107,108,109,106,107,108,109,106,107,108,109,106,107,108,109,106,107,108,109,106,107,108,109,106,107,108,109,106,107,108,109,106,107,108,109,106,107,108,109,106,107,108,109,106,107,108,109,106,107,108,109,106,107,108,109,106,107,108,109,106,107,108,109,106,107,108,109,106,107,108,109,106,107,108,109,106,107,108,109,106,107,108,109,106,107,108,109,106,107,108,109,106,107,108,109,
122,123,124,125,122,123,124,125,122,123,124,125,122,123,124,125,122,123,124,125,122,123,124,125,122,123,124,125,122,123,124,125,122,123,124,125,122,123,124,125,122,123,124,125,122,123,124,125,122,123,124,125,122,123,124,125,122,123,124,125,122,123,124,125,122,123,124,125,122,123,124,125,122,123,124,125,122,123,124,125,122,123,124,125,122,123,124,125,122,123,124,125,122,123,124,125,122,123,124,125,122,123,124,125,122,123,124,125,122,123,124,125,122,123,124,125,122,123,124,125,122,123,124,125,122,123,124,125,
90,91,92,93,90,91,92,93,90,91,92,93,90,91,92,93,90,91,92,93,90,91,92,93,90,91,92,93,90,91,92,93,90,91,92,93,90,91,92,93,90,91,92,93,90,91,92,93,90,91,92,93,90,91,92,93,90,91,92,93,90,91,92,93,90,91,92,93,90,91,92,93,90,1,1,1,1,1,1,1,1,2,92,93,90,91,92,93,90,91,92,93,90,91,92,93,90,91,92,93,90,91,92,93,90,91,92,93,90,91,92,93,90,91,92,93,90,91,92,93,90,91,92,93,90,91,92,93,
106,107,108,109,106,107,108,109,106,107,108,109,1,1,1,1,1,1,1,1,1,2,3,109,106,107,108,109,106,107,108,109,106,107,108,1,1,1,1,1,1,1,1,1,1,2,3,109,106,107,108,109,106,107,108,109,106,107,108,109,106,107,108,109,106,107,108,109,106,107,108,109,106,17,17,17,17,17,17,17,17,18,108,109,106,107,108,109,106,107,108,109,106,107,108,109,106,107,108,109,106,107,108,109,106,107,108,109,106,107,108,109,106,107,108,109,106,107,108,109,106,107,108,109,106,107,108,109,
122,123,124,125,122,123,124,125,122,123,124,125,17,17,17,17,17,17,17,17,17,18,19,125,122,123,124,125,122,123,124,125,122,123,124,17,17,17,17,17,17,17,17,17,17,18,19,125,122,123,124,125,122,123,124,125,122,123,124,125,122,123,124,125,122,123,124,125,122,123,124,125,122,123,124,125,122,123,124,125,122,123,124,125,122,123,124,125,122,123,124,125,122,123,124,125,122,123,124,125,122,123,124,125,122,123,124,125,122,123,124,125,122,123,124,125,122,123,124,125,122,123,124,125,122,123,124,125,
90,91,92,93,90,91,92,93,90,91,92,93,90,91,92,93,90,91,92,93,90,91,92,93,90,91,92,93,90,91,92,93,90,91,92,93,90,91,92,93,90,91,92,93,90,91,92,93,90,91,92,93,90,91,92,93,90,91,92,93,90,91,92,93,90,91,1,2,90,91,92,93,90,91,92,93,90,91,92,93,90,91,92,93,90,91,92,93,90,91,92,93,90,91,92,93,90,91,92,93,90,91,92,93,90,91,92,93,90,91,92,93,90,91,92,93,90,91,92,93,90,91,92,93,90,91,92,93,
106,107,108,109,106,107,108,109,106,107,108,109,106,107,108,109,106,107,108,109,106,107,108,109,106,107,108,109,106,107,108,109,106,107,108,109,106,107,108,109,106,107,108,109,106,107,108,109,106,107,108,109,106,107,108,109,106,107,108,109,106,107,108,109,106,107,17,18,106,107,108,109,106,107,108,109,106,107,108,109,106,107,108,109,106,107,108,109,106,107,108,109,106,107,108,109,106,107,108,109,106,107,108,109,106,107,108,109,106,107,108,109,106,107,108,109,106,107,108,109,106,107,108,109,106,107,108,109,
122,123,124,125,122,123,124,125,122,123,124,125,122,123,124,125,122,123,124,125,122,123,124,125,122,123,124,125,122,123,124,125,122,123,124,125,122,123,124,125,122,123,124,125,122,123,124,125,122,123,124,125,122,123,124,125,122,123,124,125,122,123,124,125,122,123,124,125,122,123,124,125,122,123,124,125,122,123,124,125,122,123,124,125,122,123,124,125,122,123,124,125,122,123,124,125,122,123,124,125,122,123,124,125,122,123,124,125,122,123,124,125,122,123,124,125,122,123,124,125,122,123,124,125,122,123,124,125,
90,91,92,93,90,91,92,93,90,91,92,93,90,91,92,93,90,91,92,93,90,91,92,93,90,91,92,93,90,91,92,93,90,91,92,93,90,91,92,93,90,91,92,93,90,91,92,93,90,91,92,93,90,91,92,93,90,91,92,93,90,91,92,93,90,91,92,93,90,91,92,93,90,91,92,93,90,91,92,93,90,91,92,93,90,91,92,93,90,91,92,93,90,91,92,93,90,91,92,93,90,91,92,93,90,91,92,93,90,91,92,93,90,91,92,93,90,91,92,93,90,91,92,93,90,91,92,93,
106,107,108,109,106,107,108,109,106,107,108,109,106,107,108,109,106,107,108,109,106,107,108,109,106,107,108,109,106,107,108,109,106,107,108,109,106,107,108,109,106,107,108,109,106,107,108,109,106,107,108,109,106,107,108,109,106,107,108,109,106,107,108,109,106,107,108,109,106,107,108,109,106,107,108,109,106,107,108,109,106,107,108,109,106,107,108,109,106,107,108,109,106,107,108,109,106,107,108,109,106,107,108,109,106,107,108,109,106,107,108,109,106,107,108,109,106,107,108,109,106,107,108,109,106,107,108,109,
122,123,124,125,122,123,124,125,122,123,124,125,122,123,124,125,122,123,124,125,122,123,124,125,122,123,124,125,122,123,124,125,122,123,124,125,122,123,124,125,122,123,124,125,122,123,124,125,122,123,124,125,122,123,124,125,122,123,124,125,122,123,124,125,122,123,124,125,122,123,124,125,122,123,124,125,122,123,124,125,122,123,124,125,122,123,124,125,122,123,124,125,122,123,124,125,122,123,124,125,122,123,124,125,122,123,124,125,122,123,124,125,122,123,124,125,122,123,124,125,122,123,124,125,122,123,124,125,
90,91,92,93,90,91,1,1,1,1,1,1,1,1,1,2,3,91,92,93,90,91,92,93,90,91,92,93,90,91,92,93,90,91,92,93,90,91,92,93,90,91,92,93,90,91,92,93,90,91,92,93,90,91,92,93,90,91,92,93,90,91,92,93,90,91,92,93,90,91,92,93,1,2,3,2,3,3,3,3,3,3,3,3,3,3,3,93,90,91,92,93,90,91,92,93,90,91,92,93,90,91,92,93,1,2,3,1,2,3,3,3,3,91,92,93,90,91,92,93,90,91,92,93,90,91,92,93,
106,107,108,109,106,107,17,17,17,17,17,17,17,17,17,18,19,107,108,109,106,107,108,109,106,107,108,109,106,107,108,109,106,107,108,109,106,107,108,109,106,107,108,109,106,107,108,109,106,107,108,109,106,107,108,109,106,107,108,109,106,107,108,109,106,107,108,109,106,107,108,109,17,18,19,3,3,19,19,19,19,19,19,19,19,19,19,109,106,107,108,109,106,107,108,109,106,107,108,109,106,107,108,109,17,18,19,17,18,19,19,19,19,107,108,109,106,107,108,109,106,107,108,109,106,107,108,109,
1,1,1,1,1,1,1,1,1,1,1,1,1,1,1,1,1,1,1,2,1,1,1,1,1,1,1,1,1,1,1,1,1,1,1,1,2,3,1,1,1,1,1,1,1,1,1,1,1,1,1,1,1,1,2,3,1,1,1,1,1,1,1,1,1,1,1,1,1,1,1,1,17,18,19,19,19,1,1,1,1,1,1,1,1,1,1,1,1,1,2,3,122,123,124,125,122,123,124,125,1,1,1,1,1,1,1,1,1,1,1,2,3,123,124,125,122,123,124,1,1,1,1,1,1,1,2,3,
17,17,17,17,17,17,17,17,17,17,17,17,17,17,17,17,17,17,17,18,17,17,17,17,17,17,17,17,17,17,17,17,17,17,17,17,18,19,17,17,17,17,17,17,17,17,17,17,17,17,17,17,17,17,18,19,17,17,17,17,17,17,17,17,17,17,17,17,17,17,17,17,17,18,19,17,17,17,17,17,17,17,17,17,17,17,17,17,17,17,18,19,90,91,92,93,90,91,92,93,17,17,17,17,17,17,17,17,17,17,17,18,19,91,92,93,90,91,92,17,17,17,17,17,17,17,18,19,
3,3,3,3,3,3,3,3,3,3,3,3,3,3,3,3,3,3,3,3,3,3,3,3,3,3,3,3,3,3,3,3,3,3,3,3,3,3,3,3,3,3,3,3,3,3,3,3,3,3,3,3,3,3,3,3,3,3,3,3,3,3,3,3,19,3,3,3,3,3,3,3,3,3,3,3,3,3,3,3,3,2,3,3,3,3,3,3,3,3,3,3,3,3,3,3,3,3,3,3,3,3,1,1,1,1,1,1,1,1,1,1,1,1,1,2,3,1,1,1,1,1,1,1,1,1,1,1,
19,19,19,19,19,19,19,19,19,19,19,19,19,19,19,19,19,19,19,19,19,19,19,19,19,19,19,19,19,19,19,19,19,19,19,19,19,19,19,19,19,19,19,19,19,19,19,19,19,19,19,19,19,19,19,19,19,19,19,19,19,19,19,19,19,19,19,19,19,19,19,19,19,19,19,19,19,19,19,19,19,18,19,19,19,19,19,19,19,19,19,19,19,19,19,19,19,19,19,19,19,19,17,17,17,17,17,17,17,17,17,17,17,17,17,18,19,17,17,17,17,17,17,17,17,17,17,17,
1,1,1,1,1,1,1,1,1,1,1,1,1,1,1,1,1,1,1,1,1,1,1,1,1,1,1,1,1,1,1,1,1,1,1,1,1,1,1,1,1,1,1,1,1,1,1,1,1,1,1,1,1,1,1,1,1,1,1,1,1,1,1,1,1,1,1,1,1,1,1,1,1,1,1,1,1,1,1,1,1,1,1,1,1,1,1,1,1,1,1,1,1,1,1,1,1,1,1,1,1,1,1,1,1,1,1,1,1,1,1,1,1,1,1,1,1,1,1,1,1,1,1,1,1,1,1,1,
17,17,17,17,17,17,17,17,17,17,17,17,17,17,17,17,17,17,17,17,17,17,17,17,17,17,17,17,17,17,17,17,17,17,17,17,17,17,17,17,17,17,17,17,17,17,17,17,17,17,17,17,17,17,17,17,17,17,17,17,17,17,17,17,17,17,17,17,17,17,17,17,17,17,17,17,17,17,17,17,17,17,17,17,17,17,17,17,17,17,17,17,17,17,17,17,17,17,17,17,17,17,17,17,17,17,17,17,17,17,17,17,17,17,17,17,17,17,17,17,17,17,17,17,17,17,17,17

[Object Layer 1]
# Player
type=Player
location=6,24,1,1

